     1
   2   2
  3 3 1 2
 ---------------
        1
    2       2
  3   3   3   3
 1 1 1 1 1 1 1 1
---------------------------------------------------------------
               9                 | 1 deepLevel | 0
       2               2         | 2 deepLevel | 1 * 2 = 2  | 2 * (level-1)
   3       3       3       3     | 3 deepLevel | 2 * 2 = 4  | 2 * (level-1)
 1   1   1   1   1   1   1   1   | 4 deepLevel | 4 * 2 = 8  | 2 * (level-1)
4 4 4 4 4 4 4 4 4 4 4 4 4 4 4 4  | 5 deepLevel | 8 * 2 = 16 | 2 * (level-1)

---------------------------------------------------------------
9,2,2,3,3,3,3,1,1,1,1,1,1,1,1,4,4,4,4,4,4,4,4,4,4,4,4,4,4,4,4

---------------------------------------------------------------
<-------15---->9<-------15---->  | index 15 31
<--7-->2<-------15---->2<--7-->  | index 7 15
<3>3<--7-->3<--7-->3<--7-->3<3>  | index 3 7
 1<3>1<3>1<3>1<3>1<3>1<3>1<3>1   | index 1 3
4 4 4 4 4 4 4 4 4 4 4 4 4 4 4 4  | index 1 1
